-1 0.0769231
-0.99 0.36439
-0.98 0.575132
-0.97 0.721705
-0.96 0.815184
-0.95 0.865292
-0.94 0.880529
-0.93 0.868279
-0.92 0.834921
-0.91 0.785927
-0.9 0.725952
-0.89 0.658922
-0.88 0.588109
-0.87 0.516206
-0.86 0.445393
-0.85 0.377398
-0.84 0.313553
-0.83 0.254844
-0.82 0.201963
-0.81 0.155344
-0.8 0.115207
-0.79 0.0815895
-0.78 0.0543798
-0.77 0.0333445
-0.76 0.018154
-0.75 0.00840496
-0.74 0.0036398
-0.73 0.0033643
-0.72 0.00706273
-0.71 0.0142109
-0.7 0.0242873
-0.69 0.0367827
-0.68 0.0512079
-0.67 0.0671002
-0.66 0.0840284
-0.65 0.101597
-0.64 0.119449
-0.63 0.137267
-0.62 0.154776
-0.61 0.171741
-0.6 0.18797
-0.59 0.203311
-0.58 0.217649
-0.57 0.230909
-0.56 0.243048
-0.55 0.254058
-0.54 0.263958
-0.53 0.272796
-0.52 0.280643
-0.51 0.287589
-0.5 0.293745
-0.49 0.299234
-0.48 0.304191
-0.47 0.30876
-0.46 0.31309
-0.45 0.317334
-0.44 0.321644
-0.43 0.32617
-0.42 0.331057
-0.41 0.336446
-0.4 0.342466
-0.39 0.349238
-0.38 0.35687
-0.37 0.365458
-0.36 0.375083
-0.35 0.385812
-0.34 0.397695
-0.33 0.410767
-0.32 0.425046
-0.31 0.440534
-0.3 0.457215
-0.29 0.475058
-0.28 0.494018
-0.27 0.514032
-0.26 0.535024
-0.25 0.556904
-0.24 0.579571
-0.23 0.602909
-0.22 0.626796
-0.21 0.651099
-0.2 0.675676
-0.19 0.700381
-0.18 0.725062
-0.17 0.749563
-0.16 0.773728
-0.15 0.797398
-0.14 0.820416
-0.13 0.842629
-0.12 0.863885
-0.11 0.884039
-0.1 0.902952
-0.09 0.920492
-0.08 0.936537
-0.07 0.950973
-0.06 0.963699
-0.05 0.974625
-0.04 0.983672
-0.03 0.990777
-0.02 0.995889
-0.01 0.99897
2.08167e-17 1
0.01 0.99897
0.02 0.995889
0.03 0.990777
0.04 0.983672
0.05 0.974625
0.06 0.963699
0.07 0.950973
0.08 0.936537
0.09 0.920492
0.1 0.902952
0.11 0.884039
0.12 0.863885
0.13 0.842629
0.14 0.820416
0.15 0.797398
0.16 0.773728
0.17 0.749563
0.18 0.725062
0.19 0.700381
0.2 0.675676
0.21 0.651099
0.22 0.626796
0.23 0.602909
0.24 0.579571
0.25 0.556904
0.26 0.535024
0.27 0.514032
0.28 0.494018
0.29 0.475058
0.3 0.457215
0.31 0.440534
0.32 0.425046
0.33 0.410767
0.34 0.397695
0.35 0.385812
0.36 0.375083
0.37 0.365458
0.38 0.35687
0.39 0.349238
0.4 0.342466
0.41 0.336446
0.42 0.331057
0.43 0.32617
0.44 0.321644
0.45 0.317334
0.46 0.31309
0.47 0.30876
0.48 0.304191
0.49 0.299234
0.5 0.293745
0.51 0.287589
0.52 0.280643
0.53 0.272796
0.54 0.263958
0.55 0.254058
0.56 0.243048
0.57 0.230909
0.58 0.217649
0.59 0.203311
0.6 0.18797
0.61 0.171741
0.62 0.154776
0.63 0.137267
0.64 0.119449
0.65 0.101597
0.66 0.0840284
0.67 0.0671002
0.68 0.0512079
0.69 0.0367827
0.7 0.0242873
0.71 0.0142109
0.72 0.00706273
0.73 0.0033643
0.74 0.0036398
0.75 0.00840496
0.76 0.018154
0.77 0.0333445
0.78 0.0543798
0.79 0.0815895
0.8 0.115207
0.81 0.155344
0.82 0.201963
0.83 0.254844
0.84 0.313553
0.85 0.377398
0.86 0.445393
0.87 0.516206
0.88 0.588109
0.89 0.658922
0.9 0.725952
0.91 0.785927
0.92 0.834921
0.93 0.868279
0.94 0.880529
0.95 0.865292
0.96 0.815184
0.97 0.721705
0.98 0.575132
0.99 0.36439
1 0.0769231
