-1 0.0536474
-0.99 0.0780371
-0.98 0.0938451
-0.97 0.102963
-0.96 0.107007
-0.95 0.107343
-0.94 0.105116
-0.93 0.101273
-0.92 0.0965872
-0.91 0.0916766
-0.9 0.0870256
-0.89 0.0830006
-0.88 0.0798671
-0.87 0.0778037
-0.86 0.0769155
-0.85 0.0772463
-0.84 0.0787891
-0.83 0.0814961
-0.82 0.085287
-0.81 0.0900573
-0.8 0.0956844
-0.79 0.102034
-0.78 0.108966
-0.77 0.116338
-0.76 0.124008
-0.75 0.131842
-0.74 0.139711
-0.73 0.147498
-0.72 0.155098
-0.71 0.162417
-0.7 0.169376
-0.69 0.175913
-0.68 0.181977
-0.67 0.187534
-0.66 0.192565
-0.65 0.197066
-0.64 0.201044
-0.63 0.204521
-0.62 0.207531
-0.61 0.210119
-0.6 0.212339
-0.59 0.214255
-0.58 0.215937
-0.57 0.217464
-0.56 0.218918
-0.55 0.220386
-0.54 0.221958
-0.53 0.223723
-0.52 0.225773
-0.51 0.228199
-0.5 0.231089
-0.49 0.234527
-0.48 0.238597
-0.47 0.243375
-0.46 0.248931
-0.45 0.255331
-0.44 0.262632
-0.43 0.270884
-0.42 0.28013
-0.41 0.290404
-0.4 0.301729
-0.39 0.314121
-0.38 0.327587
-0.37 0.342124
-0.36 0.357719
-0.35 0.37435
-0.34 0.391987
-0.33 0.410591
-0.32 0.430111
-0.31 0.450493
-0.3 0.471671
-0.29 0.493572
-0.28 0.516118
-0.27 0.539224
-0.26 0.562797
-0.25 0.586741
-0.24 0.610956
-0.23 0.635336
-0.22 0.659772
-0.21 0.684155
-0.2 0.708372
-0.19 0.732309
-0.18 0.755854
-0.17 0.778893
-0.16 0.801315
-0.15 0.823009
-0.14 0.84387
-0.13 0.863792
-0.12 0.882676
-0.11 0.900428
-0.1 0.916957
-0.09 0.932179
-0.08 0.946017
-0.07 0.9584
-0.06 0.969265
-0.05 0.978554
-0.04 0.986221
-0.03 0.992226
-0.02 0.996537
-0.01 0.999133
2.08167e-17 1
0.01 0.999133
0.02 0.996537
0.03 0.992226
0.04 0.986221
0.05 0.978554
0.06 0.969265
0.07 0.9584
0.08 0.946017
0.09 0.932179
0.1 0.916957
0.11 0.900428
0.12 0.882676
0.13 0.863792
0.14 0.84387
0.15 0.823009
0.16 0.801315
0.17 0.778893
0.18 0.755854
0.19 0.732309
0.2 0.708372
0.21 0.684155
0.22 0.659772
0.23 0.635336
0.24 0.610956
0.25 0.586741
0.26 0.562797
0.27 0.539224
0.28 0.516118
0.29 0.493572
0.3 0.471671
0.31 0.450493
0.32 0.430111
0.33 0.410591
0.34 0.391987
0.35 0.37435
0.36 0.357719
0.37 0.342124
0.38 0.327587
0.39 0.314121
0.4 0.301729
0.41 0.290404
0.42 0.28013
0.43 0.270884
0.44 0.262632
0.45 0.255331
0.46 0.248931
0.47 0.243375
0.48 0.238597
0.49 0.234527
0.5 0.231089
0.51 0.228199
0.52 0.225773
0.53 0.223723
0.54 0.221958
0.55 0.220386
0.56 0.218918
0.57 0.217464
0.58 0.215937
0.59 0.214255
0.6 0.212339
0.61 0.210119
0.62 0.207531
0.63 0.204521
0.64 0.201044
0.65 0.197066
0.66 0.192565
0.67 0.187534
0.68 0.181977
0.69 0.175913
0.7 0.169376
0.71 0.162417
0.72 0.155098
0.73 0.147498
0.74 0.139711
0.75 0.131842
0.76 0.124008
0.77 0.116338
0.78 0.108966
0.79 0.102034
0.8 0.0956844
0.81 0.0900573
0.82 0.085287
0.83 0.0814961
0.84 0.0787891
0.85 0.0772463
0.86 0.0769155
0.87 0.0778037
0.88 0.0798671
0.89 0.0830006
0.9 0.0870256
0.91 0.0916766
0.92 0.0965872
0.93 0.101273
0.94 0.105116
0.95 0.107343
0.96 0.107007
0.97 0.102963
0.98 0.0938451
0.99 0.0780371
1 0.0536474
