-1 1
-0.99 0.9207
-0.98 0.8428
-0.97 0.7663
-0.96 0.6912
-0.95 0.6175
-0.94 0.5452
-0.93 0.4743
-0.92 0.4048
-0.91 0.3367
-0.9 0.27
-0.89 0.2047
-0.88 0.1408
-0.87 0.0783
-0.86 0.0172
-0.85 -0.0425
-0.84 -0.1008
-0.83 -0.1577
-0.82 -0.2132
-0.81 -0.2673
-0.8 -0.32
-0.79 -0.3713
-0.78 -0.4212
-0.77 -0.4697
-0.76 -0.5168
-0.75 -0.5625
-0.74 -0.6068
-0.73 -0.6497
-0.72 -0.6912
-0.71 -0.7313
-0.7 -0.77
-0.69 -0.8073
-0.68 -0.8432
-0.67 -0.8777
-0.66 -0.9108
-0.65 -0.9425
-0.64 -0.9728
-0.63 -1.0017
-0.62 -1.0292
-0.61 -1.0553
-0.6 -1.08
-0.59 -1.1033
-0.58 -1.1252
-0.57 -1.1457
-0.56 -1.1648
-0.55 -1.1825
-0.54 -1.1988
-0.53 -1.2137
-0.52 -1.2272
-0.51 -1.2393
-0.5 -1.25
-0.49 -1.2593
-0.48 -1.2672
-0.47 -1.2737
-0.46 -1.2788
-0.45 -1.2825
-0.44 -1.2848
-0.43 -1.2857
-0.42 -1.2852
-0.41 -1.2833
-0.4 -1.28
-0.39 -1.2753
-0.38 -1.2692
-0.37 -1.2617
-0.36 -1.2528
-0.35 -1.2425
-0.34 -1.2308
-0.33 -1.2177
-0.32 -1.2032
-0.31 -1.1873
-0.3 -1.17
-0.29 -1.1513
-0.28 -1.1312
-0.27 -1.1097
-0.26 -1.0868
-0.25 -1.0625
-0.24 -1.0368
-0.23 -1.0097
-0.22 -0.9812
-0.21 -0.9513
-0.2 -0.92
-0.19 -0.8873
-0.18 -0.8532
-0.17 -0.8177
-0.16 -0.7808
-0.15 -0.7425
-0.14 -0.7028
-0.13 -0.6617
-0.12 -0.6192
-0.11 -0.5753
-0.1 -0.53
-0.09 -0.4833
-0.08 -0.4352
-0.07 -0.3857
-0.06 -0.3348
-0.05 -0.2825
-0.04 -0.2288
-0.03 -0.1737
-0.02 -0.1172
-0.01 -0.0593
2.08167e-17 1.249e-16
0.01 0.0607
0.02 0.1228
0.03 0.1863
0.04 0.2512
0.05 0.3175
0.06 0.3852
0.07 0.4543
0.08 0.5248
0.09 0.5967
0.1 0.67
0.11 0.7447
0.12 0.8208
0.13 0.8983
0.14 0.9772
0.15 1.0575
0.16 1.1392
0.17 1.2223
0.18 1.3068
0.19 1.3927
0.2 1.48
0.21 1.5687
0.22 1.6588
0.23 1.7503
0.24 1.8432
0.25 1.9375
0.26 2.0332
0.27 2.1303
0.28 2.2288
0.29 2.3287
0.3 2.43
0.31 2.5327
0.32 2.6368
0.33 2.7423
0.34 2.8492
0.35 2.9575
0.36 3.0672
0.37 3.1783
0.38 3.2908
0.39 3.4047
0.4 3.52
0.41 3.6367
0.42 3.7548
0.43 3.8743
0.44 3.9952
0.45 4.1175
0.46 4.2412
0.47 4.3663
0.48 4.4928
0.49 4.6207
0.5 4.75
0.51 4.8807
0.52 5.0128
0.53 5.1463
0.54 5.2812
0.55 5.4175
0.56 5.5552
0.57 5.6943
0.58 5.8348
0.59 5.9767
0.6 6.12
0.61 6.2647
0.62 6.4108
0.63 6.5583
0.64 6.7072
0.65 6.8575
0.66 7.0092
0.67 7.1623
0.68 7.3168
0.69 7.4727
0.7 7.63
0.71 7.7887
0.72 7.9488
0.73 8.1103
0.74 8.2732
0.75 8.4375
0.76 8.6032
0.77 8.7703
0.78 8.9388
0.79 9.1087
0.8 9.28
0.81 9.4527
0.82 9.6268
0.83 9.8023
0.84 9.9792
0.85 10.1575
0.86 10.3372
0.87 10.5183
0.88 10.7008
0.89 10.8847
0.9 11.07
0.91 11.2567
0.92 11.4448
0.93 11.6343
0.94 11.8252
0.95 12.0175
0.96 12.2112
0.97 12.4063
0.98 12.6028
0.99 12.8007
1 13
