1.92388
1.81549
1.65328
1.46194
1.2706
1.10839
1
0.96194
0.999999
1.10839
1.2706
1.46194
1.65328
1.81549
1.92388
1.81549
1.70711
1.5449
1.35355
1.16221
1
0.891614
0.853553
0.891613
0.999999
1.16221
1.35355
1.54489
1.70711
1.81549
1.65328
1.5449
1.38268
1.19134
1
0.837789
0.729402
0.691342
0.729401
0.837787
0.999999
1.19134
1.38268
1.54489
1.65328
1.46194
1.35355
1.19134
1
0.808659
0.646447
0.53806
0.5
0.53806
0.646446
0.808658
0.999999
1.19134
1.35355
1.46194
1.2706
1.16221
1
0.808659
0.617317
0.455105
0.346718
0.308658
0.346718
0.455104
0.617316
0.808658
1
1.16221
1.2706
1.10839
1
0.837789
0.646447
0.455105
0.292893
0.184507
0.146446
0.184507
0.292893
0.455105
0.646446
0.837788
1
1.10839
1
0.891614
0.729402
0.53806
0.346718
0.184507
0.0761203
0.03806
0.0761201
0.184506
0.346718
0.53806
0.729402
0.891614
1
0.96194
0.853553
0.691342
0.5
0.308658
0.146446
0.03806
-3.3945e-07
0.0380598
0.146446
0.308658
0.5
0.691341
0.853553
0.96194
0.999999
0.891613
0.729401
0.53806
0.346718
0.184507
0.0761201
0.0380598
0.07612
0.184506
0.346718
0.53806
0.729401
0.891613
0.999999
1.10839
0.999999
0.837787
0.646446
0.455104
0.292893
0.184506
0.146446
0.184506
0.292892
0.455104
0.646446
0.837787
0.999999
1.10839
1.2706
1.16221
0.999999
0.808658
0.617316
0.455105
0.346718
0.308658
0.346718
0.455104
0.617315
0.808657
0.999999
1.16221
1.2706
1.46194
1.35355
1.19134
0.999999
0.808658
0.646446
0.53806
0.5
0.53806
0.646446
0.808657
0.999998
1.19134
1.35355
1.46194
1.65328
1.54489
1.38268
1.19134
1
0.837788
0.729402
0.691341
0.729401
0.837787
0.999999
1.19134
1.38268
1.54489
1.65328
1.81549
1.70711
1.54489
1.35355
1.16221
1
0.891614
0.853553
0.891613
0.999999
1.16221
1.35355
1.54489
1.70711
1.81549
1.92388
1.81549
1.65328
1.46194
1.2706
1.10839
1
0.96194
0.999999
1.10839
1.2706
1.46194
1.65328
1.81549
1.92388
